Forth
12.096275 1000000 123481 12.3481 82670.0781852264 10208.1839243899
25.063374 2000000 245498 12.2749 79797.7159818945 9795.08983906157
38.841645 3000000 366551 12.2183666666667 77236.6875810744 9437.06168984347
53.371344 4000000 486788 12.1697 74946.5855684654 9120.77462392553
68.585119 5000000 606028 12.12056 72902.1116082047 8836.14417873941
68.57user 0.02system 1:08.59elapsed 99%CPU (0avgtext+0avgdata 0maxresident)k
0inputs+0outputs (199major+182minor)pagefaults 0swaps

C
8.300000 1000000 123481 12.348100 120481.927711 14877.228916
17.190000 2000000 245498 12.274900 116346.713205 14281.442699
26.650000 3000000 366551 12.218367 112570.356473 13754.258912
36.620000 4000000 486788 12.169700 109229.929001 13292.954670
47.070000 5000000 606028 12.120560 106224.771617 12875.037179
47.07user 0.00system 0:47.07elapsed 99%CPU (0avgtext+0avgdata 0maxresident)k
0inputs+0outputs (103major+12minor)pagefaults 0swaps

Fortran
  14.8500004 1000000 123481  12.3480997  67340.0625  8315.21875
  30.7800007 2000000 245498  12.2749004  64977.2578  7975.89307
  47.7099991 3000000 366551  12.2183666  62879.9023  7682.89697
  65.5800018 4000000 486788  12.1696997  60994.2031  7422.81152
  84.3000031 5000000 606028  12.1205597  59311.9805  7188.94385
84.29user 0.01system 1:24.30elapsed 99%CPU (0avgtext+0avgdata 0maxresident)k
0inputs+0outputs (115major+14minor)pagefaults 0swaps

Perl
139.459997 1000000 123481 12.348100 7170.515000 885.422363
288.680089 2000000 245498 12.274900 6928.084327 850.415423
447.291241 3000000 366551 12.218367 6707.039453 819.490673
614.544044 4000000 486788 12.169700 6508.890682 792.112469
790.334001 5000000 606028 12.120560 6326.439195 766.799858
790.27user 0.14system 13:10.35elapsed 100%CPU (0avgtext+0avgdata 0maxresident)k
0inputs+0outputs (372major+149minor)pagefaults 0swaps

Python
336.630961895 1000000 123481 12.3481 2970.61207433 366.814149551
700.408469915 2000000 245498 12.2749 2855.4766053 350.506897824
1086.78311205 3000000 366551 12.2183666667 2760.44039214 337.280728727
1492.26891208 4000000 486788 12.1697 2680.48202816 326.206621381
1916.756464 5000000 606028 12.12056 2608.57343846 316.173708753
1916.59user 0.28system 31:57.17elapsed 99%CPU (0avgtext+0avgdata 0maxresident)k
0inputs+0outputs (307major+111minor)pagefaults 0swaps

